0.5392 1
0.1568 34
0.5392 1
0.336 3
0.5392 1
0.3072 5
0.2576 7
0.3072 5
0.1808 19
0.1728 24
0.1728 24
0.2336 9
0.2576 7
0.1696 26
0.3072 5
0.1728 22
0.1632 30
0.1808 19
0.3072 5
0.2224 11
0.1584 32
0.2336 9
0.1872 17
0.2576 7
0.176 21
0.2016 13
0.5392 1
0.1648 28
0.1904 15
0.1904 17
0.2016 13
0.2576 7
0.1568 34
0.1904 15
0.2016 13
0.2224 11
0.224 10
0.168 27
0.1616 31
0.168 27
0.1584 32
0.1648 28
0.176 21
0.1616 31
0.1696 26
0.2224 11
0.224 10
0.2336 9
0.1632 30
0.1728 22
0.2016 13
0.1904 15
0.1904 17
0.1808 19
0.176 21
0.1616 31
0.2224 11
0.1584 32
0.1728 22
0.176 21
0.1904 17
0.1648 28
0.1904 15
0.1728 22
0.168 27
0.1696 26
0.1632 30
0.1568 34
0.1696 26
0.1584 32
0.1648 28
0.2336 9
0.1632 30
0.224 10
0.1904 15
0.1728 24
0.1632 30
0.3072 5
0.1584 32
0.176 21
0.1648 28
0.2224 11
0.2016 13
0.2336 9
0.1568 34
0.1808 19
0.1904 17
0.3072 5
0.1616 31
0.176 21
0.1728 22
0.1568 34
0.1696 24
0.2016 13
0.5392 1
0.2576 7
0.3072 5
0.2016 13
0.5392 1
0.2336 9
0.5392 1
0.2016 13
0.1904 15
0.1568 34
0.1632 30
0.1632 30
0.224 10
0.1728 22
0.2016 13
0.3072 5
0.224 10
0.5392 1
0.5392 1
0.3072 5
0.2224 11
0.2576 7
0.1904 17
0.3072 5
0.1808 19
0.2336 9
0.2576 7
0.1728 22
0.5392 1
0.2576 7
0.176 21
0.224 10
0.5392 1
0.2336 9
0.1632 30
0.1904 15
0.2016 13
0.2576 7
0.1632 30
0.3072 5
0.1904 17
0.5392 1
0.1696 26
0.2576 7
0.2576 7
0.5392 1
0.5392 1
0.1728 22
0.5392 1
0.3072 5
0.1648 28
0.1904 15
0.2336 9
0.1728 24
0.1648 28
0.1696 26
0.1904 15
0.1568 34
0.1648 28
0.3072 5
0.1808 19
0.5392 1
0.1728 22
0.2016 13
0.5392 1
0.2368 9
0.5392 1
0.5392 1
0.5392 1
0.1904 15
0.2336 9
0.1568 34
0.1648 28
0.5392 1
0.1824 19
0.224 10
0.1632 30
0.1584 32
0.5392 1
0.1904 15
0.2016 13
0.2576 7
0.2224 11
0.1872 17
0.2224 11
0.2336 9
0.5392 1
0.1696 26
0.5392 1
0.1648 28
0.1728 22
0.1808 19
0.1632 30
0.1648 28
0.1728 22
0.2576 7
0.1728 22
0.3072 5
0.5392 1
0.1904 17
0.176 21
0.5392 1
0.176 21
0.224 10
0.224 10
0.1584 32
0.2016 13
0.224 10
0.3072 5
0.1872 17
0.2368 9
0.1904 15
0.2224 11
0.1872 17
0.1904 15
0.1632 30
0.224 10
0.1616 31
0.1696 24
0.1904 15
0.5392 1
0.1632 30
0.1696 26
0.1696 26
0.2224 11
0.2016 13
0.1728 24
0.1584 32
0.1728 22
0.2576 7
0.1616 31
0.1808 19
0.1632 30
0.1808 19
0.1696 26
0.2016 13
0.5392 1
0.2336 9
0.1632 30
0.5392 1
0.1872 17
0.1904 15
0.5392 1
0.5392 1
0.1632 30
0.5392 1
0.1632 30
0.1568 34
0.2576 7
0.1632 30
0.1632 30
0.2016 13
0.2576 7
0.2048 13
0.3072 5
0.1808 19
0.1808 19
0.1904 15
0.1648 28
0.2336 9
0.168 27
0.1904 15
0.1728 24
0.1648 28
0.5392 1
0.1728 22
0.5392 1
0.2576 7
0.224 10
0.1904 15
0.2336 9
0.1632 30
0.1904 17
0.5392 1
0.5392 1
0.176 21
0.2224 11
0.1904 15
0.2224 11
0.1904 15
0.1728 22
0.5392 1
0.1904 15
0.1904 17
0.3072 5
0.2576 7
0.3072 5
0.1648 28
0.5392 1
0.1696 26
0.1616 31
0.1584 32
0.168 27
0.3072 5
0.1696 26
0.1584 32
0.2016 13
0.1904 15
0.2576 7
0.1568 34
0.5392 1
0.224 10
0.1616 31
0.1568 34
0.2224 11
0.168 27
0.1584 32
0.1584 32
0.1728 24
0.1728 22
0.2576 7
0.2016 13
0.176 21
0.2016 13
0.2576 7
0.1632 30
0.2224 11
0.1904 15
0.2576 7
0.1904 15
0.2016 13
0.2016 13
0.3072 5
0.2016 13
0.1584 32
0.168 27
0.1648 28
0.1648 28
0.5392 1
0.1904 15
0.2224 11
0.224 10
0.1696 26
0.1632 30
0.3072 5
0.2336 9
0.2576 7
0.1808 19
0.2336 9
0.2016 13
0.5392 1
0.5392 1
0.1808 19
0.2368 9
0.5392 1
0.1696 26
0.1696 26
0.5392 1
0.3072 5
0.2336 9
0.2016 13
0.1584 32
0.1904 17
0.2016 13
0.1648 28
0.1696 24
0.2576 7
0.1904 15
0.176 21
0.3072 5
0.1728 24
0.2576 7
0.1728 22
0.5392 1
0.5392 1
0.1728 22
0.176 21
0.1904 15
0.3072 5
0.5392 1
0.5392 1
0.1584 32
0.1568 34
0.2576 7
0.1808 19
0.1696 26
0.1904 15
0.2576 7
0.176 21
0.1904 17
0.1616 31
0.1696 26
0.224 10
0.2336 9
0.1632 30
0.1696 26
0.1584 32
0.2224 11
0.3072 5
0.1904 17
0.2016 13
0.2224 11
0.168 27
0.1904 17
0.1568 34
0.1584 32
0.3072 5
0.1632 30
0.1648 28
0.1616 31
0.1728 24
0.5392 1
0.2016 13
0.2336 9
0.1728 24
0.1728 22
