3 0.6080643
4 0.47741939999999994
5 0.6403224
6 0.6483868
7 0.6822578
8 0.6580643
9 0.7322580000000001
10 0.7145159999999999
11 0.716129
12 0.7193548
13 0.7354838
14 0.7516129
15 0.7451613
16 0.7435484
17 0.764516
18 0.7709678999999999
19 0.7629032
20 0.7693549
21 0.7693549
22 0.7758065999999999
23 0.7822583
24 0.7887098
25 0.78871
26 0.7887099
27 0.7935486
28 0.8016131999999999
29 0.8016132
30 0.7983872
31 0.8096776
32 0.8112906000000001
33 0.7983873
34 0.8048391
35 0.7935486
36 0.8048391
37 0.8048391
38 0.7983874
39 0.8000003
40 0.8129035
41 0.8032261999999999
42 0.804839
43 0.7967744999999999
44 0.8064519000000001
45 0.7951617
46 0.7967744999999999
47 0.7870971
48 0.8112906000000001
49 0.7983873
50 0.8064519000000001
51 0.8000002
52 0.7983873
53 0.8096777
54 0.806452
55 0.804839
56 0.8032261999999999
57 0.8016132
58 0.8016133
59 0.8112907
60 0.8016132
61 0.8032261
62 0.8080649
63 0.7967744999999999
64 0.7983874
65 0.8112907
66 0.8016131
67 0.7967744999999999
68 0.7903228
69 0.8096777
70 0.7919356
71 0.8129034
72 0.7870969
73 0.7919357
74 0.7790325
75 0.7870969
76 0.7774194999999999
77 0.7688173333333332
78 0.77957
79 0.792338875
80 0.7777777777777778
81 0.7867385555555555
82 0.772177625
83 0.766129125
84 0.7822583750000001
85 0.7862905
86 0.7883066249999999
87 0.76612925
88 0.7883067500000001
89 0.77419375
90 0.7876346666666666
91 0.7718894285714286
92 0.7849466666666666
93 0.7661291666666666
94 0.7822585000000001
95 0.7451612
96 0.7709680000000001
97 0.7741937999999999
98 0.76209675
99 0.7741935
100 0.778226
101 0.7419356
102 0.75403225
103 0.709677
104 0.7204303333333333
105 0.725806
106 0.7365593333333335
107 0.7096775
108 0.677419
109 0.677419
110 0.741935
111 0.741935
112 0.629032
113 0.709677
114 0.709677
115 0.725806
117 0.741935
