0.208 19
0.5392 1
0.5392 1
0.208 19
0.3648 3
0.5392 1
0.2192 15
0.232 13
0.2432 9
0.2576 7
0.3088 6
0.5392 1
0.2192 15
0.3152 5
0.3648 3
0.3648 3
0.2576 7
0.232 13
0.2432 9
0.3648 3
0.3152 5
0.3152 5
0.3088 6
0.3088 6
0.2576 7
0.2576 7
0.2432 9
0.232 13
0.3088 6
0.3152 5
0.208 19
0.2432 9
0.2192 15
0.232 13
0.2432 9
0.3152 5
0.3648 3
0.5392 1
0.5392 1
0.232 13
0.5392 1
0.3648 3
0.5392 1
0.5392 1
0.3648 3
0.3152 5
0.5392 1
0.2432 9
0.5392 1
0.3152 5
0.5392 1
0.2432 9
0.5392 1
0.5392 1
0.2576 7
0.3152 5
0.5392 1
0.3152 5
0.5392 1
0.3648 3
0.3152 5
0.3648 3
0.3648 3
0.5392 1
0.232 13
0.232 13
0.5392 1
0.5392 1
0.3648 3
0.5392 1
0.5392 1
0.2432 9
0.5392 1
0.3088 6
0.5392 1
0.2192 15
0.5392 1
0.2432 9
0.5392 1
0.5392 1
0.5392 1
0.5392 1
0.3088 6
0.5392 1
0.2432 9
0.5392 1
0.5392 1
0.3648 3
0.5392 1
0.2432 9
0.3648 3
0.5392 1
0.5392 1
0.5392 1
0.5392 1
0.5392 1
0.5392 1
0.5392 1
0.5392 1
0.3648 3
0.5392 1
0.5392 1
0.5392 1
0.5392 1
0.5392 1
0.5392 1
0.3088 6
0.5392 1
0.5392 1
0.5392 1
0.5392 1
0.5392 1
0.5392 1
0.5392 1
0.5392 1
0.5392 1
0.5392 1
0.3088 6
0.5392 1
0.2432 9
0.5392 1
0.3088 6
0.5392 1
0.3152 5
0.5392 1
0.5392 1
0.3152 5
0.5392 1
0.5392 1
0.5392 1
0.5392 1
0.5392 1
0.5392 1
0.5392 1
0.5392 1
0.5392 1
0.5392 1
0.2432 9
0.5392 1
0.3648 3
0.5392 1
0.5392 1
0.5392 1
0.3088 6
0.5392 1
0.5392 1
0.5392 1
0.5392 1
0.3648 3
0.5392 1
0.2576 7
0.3648 3
0.5392 1
0.5392 1
0.5392 1
0.5392 1
0.5392 1
0.5392 1
0.5392 1
0.5392 1
0.5392 1
0.5392 1
0.5392 1
0.5392 1
0.5392 1
0.5392 1
0.5392 1
0.2432 9
0.5392 1
0.5392 1
0.3648 3
0.5392 1
0.3648 3
0.3648 3
0.5392 1
0.5392 1
0.232 13
0.3648 3
0.3648 3
0.5392 1
0.2432 9
0.5392 1
0.3152 5
0.5392 1
0.3648 3
0.5392 1
0.5392 1
0.3088 6
0.5392 1
0.5392 1
0.5392 1
0.5392 1
0.5392 1
0.3088 6
0.5392 1
0.5392 1
0.5392 1
0.5392 1
0.232 13
0.5392 1
0.3648 3
0.5392 1
0.5392 1
0.5392 1
0.5392 1
0.5392 1
0.5392 1
0.5392 1
0.2432 9
0.3648 3
0.5392 1
0.232 13
0.3648 3
0.3648 3
0.5392 1
0.5392 1
0.5392 1
0.2432 9
0.5392 1
0.5392 1
0.5392 1
0.5392 1
0.5392 1
0.5392 1
0.2192 15
0.5392 1
0.3088 6
0.5392 1
0.5392 1
0.5392 1
0.5392 1
0.3088 6
0.5392 1
0.3648 3
0.5392 1
0.2432 9
0.3088 6
0.2576 7
0.5392 1
0.3088 6
0.5392 1
0.3088 6
0.232 13
0.5392 1
0.232 13
0.5392 1
0.5392 1
0.232 13
0.3152 5
0.2432 9
0.5392 1
0.5392 1
0.3648 3
0.2432 9
0.5392 1
0.232 13
0.5392 1
0.3088 6
0.5392 1
0.5392 1
0.3648 3
0.5392 1
0.232 13
0.5392 1
0.3152 5
0.5392 1
0.5392 1
0.5392 1
0.3152 5
0.2432 9
0.5392 1
0.5392 1
0.5392 1
0.5392 1
0.5392 1
0.5392 1
0.5392 1
0.5392 1
0.2432 9
0.232 13
0.3648 3
0.5392 1
0.5392 1
0.5392 1
0.5392 1
0.5392 1
0.208 19
0.232 13
0.5392 1
0.5392 1
0.5392 1
0.3152 5
0.3088 6
0.3152 5
0.2576 7
0.3648 3
0.5392 1
0.2576 7
0.5392 1
0.2432 9
0.5392 1
0.2432 9
0.2576 7
0.5392 1
0.5392 1
0.5392 1
0.5392 1
0.5392 1
0.5392 1
0.5392 1
0.5392 1
0.3648 3
0.5392 1
0.3088 6
0.5392 1
0.5392 1
0.5392 1
0.5392 1
0.3152 5
0.5392 1
0.5392 1
0.208 19
0.5392 1
0.3648 3
0.3648 3
0.2432 9
0.5392 1
0.5392 1
0.5392 1
0.5392 1
0.5392 1
0.3648 3
0.5392 1
0.5392 1
0.5392 1
0.5392 1
0.5392 1
0.3648 3
0.5392 1
0.5392 1
0.3088 6
0.5392 1
0.5392 1
0.5392 1
0.3648 3
0.3648 3
0.3648 3
0.2576 7
0.5392 1
0.5392 1
0.5392 1
0.3152 5
0.3648 3
0.3648 3
0.3648 3
0.5392 1
0.5392 1
0.5392 1
0.5392 1
0.5392 1
0.5392 1
0.5392 1
0.5392 1
0.3648 3
0.5392 1
0.5392 1
0.5392 1
0.3648 3
0.3648 3
0.2432 9
0.5392 1
0.5392 1
0.5392 1
0.3648 3
0.5392 1
0.2576 7
0.2432 9
0.5392 1
0.5392 1
0.5392 1
0.3648 3
0.5392 1
0.3648 3
0.5392 1
0.3152 5
0.5392 1
0.5392 1
0.5392 1
0.5392 1
0.5392 1
0.5392 1
0.5392 1
0.3648 3
0.3152 5
0.5392 1
0.5392 1
0.2432 9
0.3088 6
0.3152 5
0.5392 1
