3 0.772021
4 0.766839
5 0.803109
6 0.803109
7 0.823834
8 0.834197
9 0.839378
10 0.84456
11 0.849741
12 0.854922
13 0.860104
14 0.860104
15 0.865285
16 0.865285
17 0.870466
18 0.865285
19 0.870466
20 0.870466
21 0.875648
22 0.875648
23 0.875648
24 0.875648
25 0.870466
26 0.865285
27 0.870466
28 0.854922
29 0.84456
30 0.823834
31 0.839378
32 0.813471
33 0.797927
34 0.792746
35 0.777202
36 0.787565
37 0.746114
38 0.80829
39 0.715026
40 0.787565
41 0.720207
42 0.683938
43 0.689119
44 0.689119
45 0.65285
46 0.678756
47 0.699482
48 0.673575
49 0.689119
50 0.673575
52 0.683938
54 0.373057
56 0.528497
64 0.554404
66 0.564767
3 0.483871
3 0.629032
3 0.741935
3 0.758065
4 0.741935
4 0.758065
5 0.725806
5 0.741935
5 0.758065
5 0.596774
5 0.774194
5 0.806452
5 0.741935
6 0.612903
6 0.758065
6 0.774194
6 0.709677
7 0.677419
7 0.612903
7 0.709677
7 0.741935
7 0.741935
7 0.580645
7 0.790323
7 0.725806
8 0.774194
8 0.741935
8 0.758065
8 0.774194
8 0.790323
9 0.596774
9 0.548387
9 0.709677
9 0.790323
9 0.725806
9 0.758065
10 0.741935
10 0.774194
10 0.741935
10 0.758065
10 0.758065
11 0.629032
11 0.564516
11 0.612903
11 0.758065
11 0.822581
11 0.806452
11 0.774194
11 0.774194
11 0.790323
11 0.758065
12 0.725806
12 0.677419
12 0.758065
12 0.725806
12 0.693548
12 0.758065
13 0.532258
13 0.612903
13 0.66129
13 0.741935
13 0.677419
13 0.774194
14 0.66129
14 0.693548
14 0.709677
14 0.725806
14 0.741935
14 0.758065
15 0.629032
15 0.758065
15 0.741935
15 0.709677
15 0.741935
15 0.693548
15 0.725806
16 0.580645
16 0.758065
16 0.741935
16 0.741935
16 0.741935
16 0.741935
17 0.693548
17 0.774194
17 0.741935
17 0.790323
17 0.758065
17 0.741935
17 0.709677
18 0.612903
18 0.725806
18 0.741935
18 0.774194
18 0.774194
18 0.741935
18 0.741935
18 0.758065
19 0.532258
19 0.725806
19 0.741935
19 0.725806
20 0.741935
20 0.629032
20 0.790323
20 0.774194
20 0.758065
20 0.774194
20 0.741935
21 0.758065
21 0.758065
21 0.790323
21 0.758065
21 0.758065
21 0.725806
22 0.741935
22 0.741935
22 0.741935
22 0.725806
22 0.758065
22 0.725806
22 0.758065
23 0.709677
23 0.629032
23 0.677419
23 0.758065
23 0.758065
23 0.741935
24 0.725806
24 0.709677
24 0.741935
24 0.774194
24 0.741935
24 0.758065
25 0.693548
25 0.677419
25 0.677419
25 0.758065
25 0.741935
25 0.758065
26 0.677419
26 0.677419
26 0.677419
26 0.725806
26 0.725806
26 0.741935
26 0.741935
26 0.790323
27 0.725806
27 0.677419
27 0.741935
27 0.790323
27 0.741935
28 0.677419
28 0.725806
28 0.790323
29 0.532258
29 0.629032
29 0.612903
29 0.758065
29 0.758065
30 0.629032
30 0.596774
30 0.725806
30 0.758065
31 0.564516
31 0.612903
31 0.693548
32 0.483871
32 0.596774
32 0.774194
33 0.596774
34 0.580645
34 0.596774
34 0.709677
34 0.677419
35 0.548387
35 0.629032
35 0.596774
36 0.580645
36 0.596774
36 0.483871
36 0.596774
36 0.629032
36 0.677419
37 0.564516
37 0.564516
37 0.596774
37 0.612903
37 0.693548
38 0.483871
39 0.564516
39 0.677419
40 0.532258
41 0.564516
41 0.564516
42 0.564516
43 0.467742
43 0.564516
43 0.612903
44 0.564516
45 0.467742
45 0.596774
46 0.532258
46 0.612903
47 0.451613
47 0.596774
47 0.596774
48 0.532258
48 0.564516
49 0.580645
50 0.564516
52 0.596774
64 0.629032
66 0.629032
