18 0.833333
3 0.833333
3 0.833333
18 0.833333
6 0.766667
7 0.866667
9 0.866667
6 0.766667
9 0.866667
12 0.833333
14 0.833333
4 0.833333
5 0.766667
11 0.866667
11 0.866667
5 0.766667
8 0.833333
17 0.866667
16 0.833333
15 0.866667
12 0.833333
17 0.866667
14 0.833333
8 0.833333
5 0.766667
7 0.866667
15 0.866667
8 0.833333
4 0.833333
7 0.866667
3 0.833333
16 0.833333
3 0.833333
4 0.833333
7 0.866667
14 0.833333
18 0.833333
16 0.833333
11 0.866667
8 0.833333
15 0.866667
5 0.766667
3 0.833333
3 0.833333
3 0.833333
3 0.833333
5 0.766667
3 0.833333
15 0.866667
8 0.833333
3 0.833333
6 0.766667
5 0.766667
11 0.866667
3 0.833333
16 0.833333
7 0.866667
8 0.833333
7 0.866667
8 0.833333
5 0.766667
7 0.866667
11 0.866667
5 0.766667
3 0.833333
4 0.833333
3 0.833333
3 0.833333
7 0.866667
3 0.833333
3 0.833333
5 0.766667
11 0.866667
8 0.833333
3 0.833333
8 0.833333
3 0.833333
3 0.833333
3 0.833333
3 0.833333
7 0.866667
8 0.833333
4 0.833333
3 0.833333
7 0.866667
9 0.866667
7 0.866667
7 0.866667
4 0.833333
3 0.833333
7 0.866667
15 0.866667
3 0.833333
15 0.866667
4 0.833333
5 0.766667
3 0.833333
11 0.866667
3 0.833333
11 0.866667
3 0.833333
3 0.833333
8 0.833333
3 0.833333
7 0.866667
3 0.833333
7 0.866667
3 0.833333
3 0.833333
8 0.833333
14 0.833333
7 0.866667
3 0.833333
3 0.833333
7 0.866667
7 0.866667
8 0.833333
5 0.766667
5 0.766667
8 0.833333
3 0.833333
3 0.833333
3 0.833333
15 0.866667
8 0.833333
5 0.766667
7 0.866667
5 0.766667
14 0.833333
11 0.866667
7 0.866667
15 0.866667
7 0.866667
8 0.833333
7 0.866667
7 0.866667
3 0.833333
7 0.866667
7 0.866667
3 0.833333
14 0.833333
3 0.833333
3 0.833333
3 0.833333
3 0.833333
17 0.866667
7 0.866667
3 0.833333
4 0.833333
12 0.833333
17 0.866667
17 0.866667
11 0.866667
5 0.766667
5 0.766667
8 0.833333
7 0.866667
18 0.833333
4 0.833333
3 0.833333
3 0.833333
8 0.833333
7 0.866667
5 0.766667
7 0.866667
3 0.833333
15 0.866667
3 0.833333
16 0.833333
3 0.833333
3 0.833333
5 0.766667
3 0.833333
7 0.866667
11 0.866667
14 0.833333
7 0.866667
3 0.833333
8 0.833333
3 0.833333
8 0.833333
4 0.833333
4 0.833333
3 0.833333
3 0.833333
3 0.833333
4 0.833333
3 0.833333
5 0.766667
3 0.833333
3 0.833333
7 0.866667
3 0.833333
4 0.833333
3 0.833333
7 0.866667
3 0.833333
3 0.833333
4 0.833333
5 0.766667
14 0.833333
3 0.833333
16 0.833333
11 0.866667
7 0.866667
14 0.833333
7 0.866667
3 0.833333
3 0.833333
3 0.833333
11 0.866667
7 0.866667
3 0.833333
8 0.833333
3 0.833333
11 0.866667
19 0.833333
3 0.833333
19 0.833333
13 0.866667
9 0.866667
7 0.866667
3 0.833333
18 0.833333
5 0.833333
10 0.833333
7 0.866667
6 0.8
5 0.8
13 0.866667
18 0.833333
6 0.8
19 0.833333
9 0.866667
10 0.833333
13 0.866667
10 0.833333
3 0.833333
10 0.833333
6 0.8
3 0.833333
6 0.8
9 0.866667
6 0.8
18 0.833333
6 0.8
3 0.833333
10 0.833333
19 0.833333
5 0.8
10 0.833333
3 0.833333
10 0.833333
5 0.833333
19 0.833333
3 0.833333
13 0.866667
10 0.833333
19 0.833333
10 0.833333
19 0.833333
20 0.833333
3 0.766667
20 0.833333
3 0.766667
8 0.8
7 0.8
19 0.833333
5 0.833333
6 0.8
9 0.833333
14 0.833333
17 0.866667
9 0.833333
3 0.766667
11 0.866667
17 0.866667
3 0.766667
20 0.833333
13 0.866667
14 0.833333
12 0.833333
12 0.833333
11 0.866667
5 0.833333
11 0.866667
13 0.866667
5 0.833333
13 0.866667
12 0.833333
5 0.833333
3 0.766667
3 0.766667
3 0.766667
12 0.833333
11 0.866667
3 0.766667
3 0.766667
3 0.766667
3 0.766667
5 0.833333
9 0.833333
3 0.766667
12 0.833333
5 0.833333
3 0.766667
3 0.766667
13 0.866667
3 0.766667
3 0.766667
5 0.833333
3 0.766667
12 0.833333
12 0.833333
3 0.766667
3 0.766667
3 0.766667
17 0.866667
3 0.766667
3 0.766667
13 0.866667
3 0.766667
3 0.766667
3 0.766667
5 0.833333
3 0.766667
3 0.766667
3 0.766667
3 0.766667
3 0.766667
3 0.766667
3 0.766667
9 0.833333
9 0.833333
3 0.766667
3 0.766667
17 0.866667
5 0.833333
9 0.833333
3 0.766667
3 0.766667
3 0.766667
3 0.766667
3 0.766667
5 0.833333
5 0.833333
3 0.766667
3 0.766667
14 0.833333
3 0.766667
3 0.766667
3 0.766667
3 0.766667
20 0.833333
3 0.6
5 0.833333
3 0.6
15 0.833333
7 0.8
11 0.866667
13 0.866667
10 0.866667
7 0.833333
9 0.833333
8 0.866667
5 0.833333
5 0.833333
15 0.833333
14 0.833333
9 0.833333
8 0.866667
14 0.833333
8 0.866667
3 0.6
5 0.833333
5 0.833333
8 0.866667
5 0.833333
3 0.6
5 0.833333
8 0.866667
14 0.833333
8 0.866667
5 0.833333
8 0.866667
8 0.866667
5 0.833333
5 0.833333
8 0.866667
5 0.833333
8 0.866667
8 0.866667
14 0.833333
8 0.866667
15 0.833333
8 0.866667
21 0.833333
3 0.633333
21 0.833333
15 0.866667
5 0.833333
3 0.633333
13 0.866667
8 0.833333
9 0.866667
10 0.833333
6 0.8
7 0.833333
11 0.866667
21 0.833333
7 0.833333
8 0.833333
11 0.866667
6 0.8
9 0.866667
3 0.633333
3 0.633333
6 0.8
8 0.833333
3 0.633333
3 0.633333
21 0.833333
8 0.833333
3 0.633333
22 0.833333
3 0.533333
22 0.833333
5 0.866667
15 0.833333
3 0.533333
9 0.866667
14 0.8
11 0.833333
12 0.833333
6 0.866667
8 0.833333
7 0.833333
22 0.833333
7 0.833333
8 0.833333
6 0.866667
7 0.833333
7 0.833333
6 0.866667
6 0.866667
23 0.833333
3 0.533333
23 0.833333
5 0.833333
3 0.166667
16 0.833333
7 0.833333
9 0.766667
6 0.866667
11 0.866667
14 0.866667
12 0.766667
23 0.833333
16 0.833333
14 0.866667
5 0.833333
12 0.766667
5 0.733333
5 0.833333
5 0.766667
24 0.866667
3 0.466667
24 0.866667
12 0.766667
4 0.533333
5 0.833333
7 0.766667
8 0.833333
11 0.766667
24 0.866667
6 0.8
6 0.8
10 0.833333
9 0.866667
10 0.833333
9 0.866667
9 0.866667
9 0.866667
9 0.766667
9 0.866667
9 0.866667
10 0.833333
25 0.866667
3 0.433333
25 0.866667
5 0.766667
16 0.8
3 0.433333
7 0.8
12 0.8
7 0.866667
11 0.833333
9 0.833333
9 0.833333
11 0.833333
12 0.8
9 0.833333
9 0.833333
3 0.433333
12 0.8
12 0.8
3 0.433333
3 0.433333
3 0.433333
11 0.833333
12 0.8
3 0.433333
3 0.433333
7 0.8
11 0.833333
9 0.833333
3 0.833333
25 0.866667
5 0.733333
18 0.8
7 0.733333
14 0.833333
9 0.8
11 0.866667
12 0.8
9 0.8
13 0.833333
13 0.833333
13 0.833333
26 0.866667
26 0.866667
3 0.366667
20 0.833333
5 0.566667
13 0.833333
6 0.633333
9 0.833333
7 0.766667
7 0.833333
26 0.866667
13 0.833333
11 0.833333
9 0.833333
11 0.833333
6 0.633333
7 0.766667
5 0.566667
11 0.833333
9 0.833333
7 0.766667
7 0.766667
5 0.566667
7 0.766667
5 0.566667
5 0.566667
11 0.833333
9 0.833333
5 0.566667
9 0.833333
6 0.633333
5 0.566667
5 0.566667
5 0.566667
3 0.233333
27 0.866667
5 0.533333
4 0.266667
15 0.833333
7 0.8
13 0.833333
7 0.633333
10 0.833333
3 0.233333
9 0.833333
14 0.8
9 0.833333
10 0.833333
15 0.833333
3 0.233333
7 0.633333
15 0.833333
10 0.833333
15 0.833333
27 0.866667
27 0.866667
3 0.166667
5 0.533333
16 0.833333
7 0.733333
8 0.733333
11 0.733333
15 0.833333
9 0.833333
10 0.833333
7 0.733333
13 0.833333
13 0.833333
9 0.833333
13 0.833333
28 0.866667
28 0.866667
3 0.166667
15 0.833333
5 0.533333
3 0.166667
7 0.766667
5 0.5
8 0.8
14 0.833333
9 0.766667
28 0.833333
11 0.833333
10 0.866667
11 0.866667
15 0.833333
3 0.166667
5 0.5
15 0.833333
3 0.166667
5 0.5
15 0.833333
5 0.533333
30 0.866667
7 0.733333
16 0.733333
29 0.8
9 0.766667
14 0.833333
13 0.8
10 0.833333
11 0.833333
9 0.733333
29 0.8
11 0.833333
11 0.833333
9 0.733333
11 0.833333
9 0.833333
30 0.833333
5 0.533333
30 0.833333
29 0.7
7 0.633333
17 0.833333
9 0.833333
11 0.833333
15 0.833333
15 0.833333
15 0.833333
15 0.833333
32 0.833333
5 0.466667
32 0.833333
5 0.466667
12 0.833333
31 0.833333
7 0.633333
9 0.733333
7 0.633333
10 0.866667
11 0.833333
11 0.833333
10 0.866667
5 0.4
31 0.766667
12 0.8
6 0.433333
9 0.733333
7 0.566667
7 0.566667
10 0.866667
10 0.866667
5 0.4
7 0.566667
5 0.4
7 0.566667
5 0.4
5 0.4
5 0.4
7 0.566667
5 0.433333
33 0.8
5 0.433333
33 0.8
31 0.833333
11 0.8
9 0.766667
7 0.533333
7 0.533333
10 0.633333
5 0.433333
5 0.5
5 0.466667
33 0.833333
15 0.8
11 0.8
7 0.533333
9 0.533333
9 0.633333
9 0.633333
5 0.466667
38 0.733333
5 0.466667
12 0.566667
32 0.6
9 0.533333
11 0.566667
7 0.533333
7 0.533333
34 0.8
12 0.566667
5 0.466667
5 0.466667
39 0.666667
39 0.666667
5 0.466667
18 0.533333
34 0.633333
11 0.566667
9 0.533333
7 0.5
14 0.533333
34 0.633333
14 0.533333
8 0.466667
7 0.5
39 0.666667
8 0.466667
8 0.466667
7 0.5
8 0.466667
8 0.466667
7 0.5
7 0.5
14 0.533333
8 0.466667
14 0.533333
8 0.466667
7 0.5
36 0.633333
5 0.166667
36 0.633333
19 0.533333
7 0.533333
14 0.533333
11 0.533333
9 0.533333
9 0.533333
11 0.533333
7 0.533333
7 0.533333
11 0.533333
37 0.6
5 0.166667
19 0.533333
5 0.166667
7 0.466667
36 0.633333
14 0.566667
9 0.533333
8 0.5
11 0.533333
13 0.533333
13 0.533333
11 0.533333
7 0.466667
8 0.5
13 0.566667
13 0.533333
13 0.533333
8 0.5
7 0.466667
5 0.166667
7 0.466667
38 0.7
5 0.166667
35 0.6
11 0.533333
7 0.4
5 0.166667
8 0.433333
9 0.533333
9 0.533333
7 0.4
37 0.666667
11 0.533333
11 0.533333
37 0.666667
11 0.533333
11 0.533333
11 0.533333
11 0.533333
51 0.6
7 0.466667
7 0.466667
13 0.533333
35 0.633333
9 0.466667
8 0.466667
43 0.666667
11 0.533333
38 0.6
35 0.633333
45 0.666667
49 0.6
49 0.6
7 0.233333
40 0.433333
13 0.533333
9 0.533333
8 0.3
42 0.433333
45 0.6
11 0.5
46 0.633333
41 0.566667
10 0.466667
12 0.466667
10 0.466667
13 0.533333
12 0.466667
13 0.533333
49 0.6
13 0.533333
13 0.533333
13 0.533333
13 0.533333
13 0.533333
51 0.6
7 0.266667
16 0.466667
46 0.633333
9 0.5
8 0.3
46 0.633333
13 0.5
10 0.466667
12 0.466667
11 0.5
11 0.5
51 0.6
7 0.166667
15 0.5
9 0.5
11 0.533333
9 0.5
9 0.5
54 0.566667
7 0.166667
9 0.5
40 0.333333
10 0.433333
48 0.4
41 0.533333
53 0.533333
42 0.466667
45 0.566667
44 0.533333
9 0.5
9 0.466667
56 0.566667
40 0.5
44 0.533333
56 0.533333
9 0.466667
41 0.433333
47 0.566667
9 0.433333
61 0.466667
44 0.433333
42 0.5
47 0.533333
47 0.6
9 0.166667
60 0.4
43 0.466667
10 0.5
53 0.6
9 0.166667
9 0.2
65 0.8
43 0.466667
54 0.466667
9 0.233333
57 0.333333
48 0.466667
54 0.5
64 0.466667
9 0.166667
50 0.433333
13 0.166667
53 0.4
60 0.533333
52 0.433333
61 0.4
55 0.266667
61 0.3
