3 0.8
4 0.8
5 0.8
6 0.8
7 0.8
8 0.833333
9 0.8
10 0.833333
11 0.833333
12 0.833333
13 0.833333
14 0.8
15 0.8
16 0.833333
17 0.8
18 0.8
19 0.8
20 0.833333
21 0.8
22 0.8
23 0.766667
24 0.833333
25 0.766667
26 0.766667
27 0.766667
28 0.833333
29 0.8
30 0.733333
31 0.8
32 0.8
33 0.766667
34 0.8
35 0.8
36 0.766667
37 0.8
38 0.666667
39 0.533333
40 0.633333
41 0.633333
42 0.566667
43 0.633333
44 0.366667
46 0.633333
48 0.466667
49 0.566667
50 0.6
3 0.766667
4 0.8
5 0.8
6 0.8
7 0.8
8 0.8
9 0.8
10 0.866667
11 0.833333
12 0.766667
13 0.8
14 0.8
15 0.833333
16 0.833333
17 0.8
18 0.8
19 0.8
20 0.8
21 0.8
22 0.833333
23 0.833333
24 0.833333
25 0.833333
26 0.833333
27 0.833333
28 0.833333
29 0.833333
30 0.833333
31 0.833333
32 0.833333
33 0.8
34 0.833333
35 0.8
36 0.766667
37 0.8
38 0.8
39 0.8
40 0.766667
41 0.8
42 0.8
43 0.8
44 0.766667
45 0.533333
46 0.766667
47 0.6
48 0.5
50 0.5
3 0.833333
4 0.8
5 0.8
6 0.833333
7 0.833333
8 0.8
9 0.8
10 0.833333
11 0.833333
12 0.833333
13 0.866667
14 0.8
15 0.866667
16 0.833333
17 0.8
18 0.866667
19 0.833333
20 0.833333
21 0.833333
22 0.866667
23 0.866667
24 0.8
25 0.833333
26 0.766667
27 0.8
28 0.766667
29 0.766667
30 0.733333
31 0.733333
32 0.8
33 0.833333
34 0.7
35 0.8
36 0.7
37 0.766667
38 0.7
39 0.566667
40 0.7
41 0.733333
42 0.666667
43 0.7
44 0.533333
45 0.633333
46 0.7
47 0.666667
48 0.6
49 0.666667
50 0.533333
51 0.633333
52 0.633333
54 0.5
56 0.633333
3 0.766667
4 0.733333
5 0.8
6 0.733333
7 0.866667
8 0.766667
9 0.766667
10 0.8
11 0.766667
12 0.8
13 0.733333
14 0.733333
15 0.8
16 0.766667
17 0.8
18 0.833333
19 0.8
20 0.866667
21 0.766667
22 0.833333
23 0.9
24 0.833333
25 0.833333
26 0.933333
27 0.866667
28 0.833333
29 0.8
30 0.733333
31 0.9
32 0.8
33 0.8
34 0.8
35 0.766667
36 0.733333
37 0.8
38 0.766667
39 0.433333
40 0.6
41 0.533333
42 0.466667
43 0.533333
44 0.566667
45 0.433333
46 0.466667
47 0.433333
48 0.466667
49 0.433333
50 0.533333
52 0.5
3 0.766667
4 0.733333
5 0.666667
6 0.733333
7 0.7
8 0.7
9 0.666667
10 0.766667
11 0.7
12 0.8
13 0.8
14 0.8
15 0.8
16 0.666667
17 0.8
18 0.8
19 0.833333
20 0.833333
21 0.8
22 0.766667
23 0.8
24 0.766667
25 0.766667
26 0.833333
27 0.766667
28 0.833333
29 0.833333
30 0.766667
31 0.833333
32 0.766667
33 0.766667
34 0.733333
35 0.8
36 0.833333
37 0.766667
38 0.8
39 0.8
40 0.766667
41 0.8
42 0.8
43 0.733333
44 0.766667
45 0.533333
47 0.6
3 0.633333
4 0.633333
5 0.766667
6 0.8
7 0.8
8 0.8
9 0.7
10 0.833333
11 0.7
12 0.766667
13 0.733333
14 0.733333
15 0.7
16 0.8
17 0.733333
18 0.766667
19 0.8
20 0.766667
21 0.833333
22 0.766667
23 0.766667
24 0.8
25 0.766667
26 0.8
27 0.8
28 0.8
29 0.8
30 0.8
31 0.8
32 0.733333
33 0.8
34 0.766667
35 0.766667
36 0.766667
37 0.8
38 0.8
39 0.7
40 0.733333
41 0.7
42 0.733333
43 0.633333
44 0.633333
45 0.566667
46 0.666667
47 0.566667
49 0.533333
52 0.533333
55 0.5
57 0.7
58 0.7
3 0.8
4 0.766667
5 0.866667
6 0.833333
7 0.866667
8 0.866667
9 0.8
10 0.8
11 0.8
12 0.866667
13 0.8
14 0.8
15 0.966667
16 0.866667
17 0.866667
18 0.9
19 0.866667
20 0.866667
21 0.933333
22 0.866667
23 0.933333
24 0.933333
25 0.866667
26 0.9
27 0.933333
28 0.933333
29 0.933333
30 0.966667
31 0.9
32 0.9
33 0.8
34 0.933333
35 0.733333
36 0.866667
37 0.733333
38 0.866667
39 0.866667
40 0.866667
41 0.8
42 0.866667
43 0.833333
44 0.666667
45 0.7
46 0.7
47 0.666667
48 0.7
49 0.7
50 0.7
51 0.7
3 0.8
4 0.766667
5 0.766667
6 0.833333
7 0.833333
8 0.766667
9 0.766667
10 0.766667
11 0.8
12 0.733333
13 0.833333
14 0.766667
15 0.9
16 0.8
17 0.866667
18 0.8
19 0.766667
20 0.733333
21 0.8
22 0.833333
23 0.766667
24 0.866667
25 0.8
26 0.866667
27 0.766667
28 0.766667
29 0.8
30 0.8
31 0.8
32 0.8
33 0.766667
34 0.833333
35 0.866667
36 0.866667
37 0.833333
38 0.866667
39 0.833333
40 0.8
41 0.833333
42 0.7
43 0.7
44 0.733333
45 0.633333
46 0.766667
47 0.8
48 0.366667
49 0.433333
51 0.433333
58 0.433333
3 0.7
4 0.8
5 0.8
6 0.833333
7 0.8
8 0.7
9 0.833333
10 0.833333
11 0.8
12 0.733333
13 0.8
14 0.766667
15 0.766667
16 0.766667
17 0.766667
18 0.733333
19 0.733333
20 0.8
21 0.733333
22 0.766667
23 0.7
24 0.733333
25 0.733333
26 0.7
27 0.733333
28 0.733333
29 0.733333
30 0.733333
31 0.766667
32 0.733333
33 0.766667
34 0.766667
35 0.766667
36 0.766667
37 0.733333
38 0.633333
39 0.766667
40 0.7
41 0.766667
42 0.733333
43 0.766667
44 0.8
45 0.733333
46 0.7
47 0.7
48 0.8
49 0.7
50 0.633333
51 0.433333
65 0.3
3 0.766667
4 0.766667
5 0.8
6 0.833333
7 0.866667
8 0.8
9 0.833333
10 0.8
11 0.866667
12 0.733333
13 0.866667
14 0.8
15 0.9
16 0.9
17 0.8
18 0.9
19 0.9
20 0.9
21 0.9
22 0.833333
23 0.9
24 0.766667
25 0.833333
26 0.8
27 0.833333
28 0.8
29 0.766667
30 0.866667
31 0.833333
32 0.8
33 0.866667
34 0.833333
35 0.8
36 0.833333
37 0.766667
38 0.8
39 0.833333
40 0.866667
41 0.866667
42 0.833333
43 0.8
44 0.766667
45 0.833333
46 0.766667
47 0.833333
48 0.733333
49 0.833333
51 0.833333
53 0.766667
54 0.666667
55 0.833333
56 0.566667
