3 0.08777067763141505
4 0.03990732783462205
5 0.059317163839819595
6 0.06675918210345468
7 0.0881215770726885
8 0.0720082814172555
9 0.0786459530173747
10 0.06478827816614154
11 0.08381341122570354
12 0.055444379871583405
13 0.06712785846998746
14 0.06334305968261678
15 0.07730012377660063
16 0.07609292240149537
17 0.07503093682986146
18 0.0703607143476465
19 0.08498381109501581
20 0.04513342360170688
21 0.05079614061411445
22 0.06885286513371992
23 0.07706029545672514
24 0.0727756929308589
25 0.08527393476737839
26 0.06488355191203869
27 0.05762795532224113
28 0.05163974926148353
29 0.07036047747303403
30 0.06245983203129652
31 0.07105892355886378
32 0.08351838712363481
33 0.06813210117085455
34 0.06749478443562221
35 0.068493506946847
36 0.0656402616593742
37 0.08344441485470698
38 0.06929985659084087
39 0.06712788605705451
40 0.06095919906525823
41 0.06813207942624709
42 0.0966092779844554
43 0.08613815919330475
44 0.10207730307244821
45 0.09054027683001394
46 0.07888092291584549
47 0.07568629538239477
48 0.11785097306325286
49 0.07769851516813775
50 0.049814470603987714
51 0.06334293543240989
52 0.07166461323538818
53 0.07718013841332495
54 0.08670954067748253
55 0.12297743946497304
56 0.0908514922874531
57 0.12108062689771822
58 0.0862811038928378
59 0.07052310965073454
60 0.08628118115962485
61 0.11434182346237093
62 0.0952578216877753
63 0.11401770330391682
64 0.144977903808362
65 0.08766488168921084
66 0.1333335000003125
67 0.11547005383792519
68 0.02356999033729123
69 0.11785065879323713
70 0.0
71 0.02356999033729123
72 0.14142135623730948
73 0.02356999033729123
77 
